24 4
0 3
3 3
8 3
12 3
16 3
18 3
20 3
25 3
26 3
38 3
72 3
104 3
134 3
1 2
2 2
4 2
5 2
6 2
7 2
9 2
10 2
11 2
13 2
14 2
15 2
17 2
19 2
21 2
22 2
23 2
27 2
28 2
44 2
50 2
51 2
69 2
73 2
82 2
94 2
95 2
106 2
124 2
144 2
29 1
30 1
31 1
32 1
33 1
34 1
35 1
36 1
37 1
39 1
40 1
41 1
42 1
43 1
45 1
46 1
47 1
48 1
49 1
52 1
53 1
54 1
55 1
56 1
57 1
58 1
59 1
60 1
61 1
62 1
63 1
64 1
65 1
66 1
67 1
68 1
70 1
71 1
74 1
75 1
76 1
77 1
78 1
79 1
80 1
81 1
83 1
84 1
85 1
86 1
87 1
88 1
89 1
90 1
91 1
92 1
93 1
96 1
97 1
98 1
99 1
100 1
101 1
102 1
103 1
105 1
107 1
108 1
109 1
110 1
111 1

69 6
53 3
55 3
58 3
64 3
66 3
67 3
68 3
0 2
1 2
2 2
3 2
4 2
5 2
6 2
7 2
8 2
9 2
10 2
11 2
12 2
13 2
14 2
15 2
16 2
17 2
18 2
19 2
20 2
21 2
22 2
23 2
24 2
25 2
26 2
27 2
28 2
29 2
30 2
31 2
32 2
33 2
34 2
35 2
36 2
37 2
38 2
39 2
40 2
41 2
42 2
43 2
44 2
45 2
46 2
47 2
48 2
49 2
50 2
51 2
52 2
54 2
56 2
57 2
59 2
60 2
61 2
62 2
63 2
65 2
70 2
77 2
94 2
71 1

31 6
54 4
6 3
25 3
27 3
29 3
30 3
32 3
0 2
1 2
2 2
3 2
4 2
5 2
7 2
8 2
9 2
10 2
11 2
12 2
13 2
14 2
15 2
16 2
17 2
18 2
19 2
20 2
21 2
22 2
23 2
24 2
26 2
28 2
35 2
37 2
42 2
44 2
51 2
57 2
61 2
33 1
34 1
36 1
38 1
39 1
40 1
41 1
43 1
45 1
46 1
47 1
48 1
49 1
50 1
52 1
53 1
55 1
56 1
58 1
59 1
60 1
62 1
63 1
64 1
65 1

49 4
19 3
23 3
25 3
31 3
50 3
1 2
2 2
3 2
4 2
5 2
6 2
7 2

181 5
56 3
64 3
67 3
76 3
87 3
88 3
100 3
109 3
135 3
137 3
153 3
157 3
161 3
162 3
173 3
175 3
176 3
182 3
219 3
1 2
2 2
3 2
4 2
5 2
6 2
7 2
8 2
9 2
10 2
11 2
12 2
13 2
14 2
15 2
16 2
17 2
18 2
19 2
20 2
21 2
22 2
23 2
24 2
25 2
26 2
27 2
28 2
29 2
30 2
31 2
32 2
33 2
34 2
35 2
36 2
37 2
38 2
39 2
40 2
41 2
42 2
43 2
44 2
45 2
46 2
47 2
48 2
49 2
50 2
51 2
52 2
53 2
54 2
55 2
57 2
58 2
59 2
60 2
61 2
62 2
63 2
65 2
66 2
68 2
69 2
70 2
71 2
72 2
73 2
74 2
75 2
77 2
78 2
79 2
80 2
81 2
82 2
83 2
84 2
85 2
86 2
89 2
90 2
91 2
92 2
93 2
94 2
95 2

87 5
190 4
41 3
59 3
95 3
99 3
105 3
108 3
111 3
131 3
134 3
135 3
143 3
155 3
161 3
164 3
165 3
167 3
179 3
186 3
189 3
196 3
204 3
211 3
0 2
1 2
2 2
3 2
4 2
5 2
6 2
7 2
8 2
9 2
10 2
11 2
12 2
13 2
14 2
15 2
16 2
17 2
18 2
19 2
20 2
21 2
22 2
23 2
24 2
25 2

182 3
1 2
2 2
3 2
4 2
5 2
6 2
7 2
8 2
9 2
10 2
11 2
12 2
13 2
14 2
15 2
16 2
17 2
18 2
19 2
20 2
21 2
22 2
23 2
24 2
25 2
26 2
27 2
28 2
29 2
30 2
31 2
32 2
33 2
34 2
35 2
36 2
37 2
38 2
39 2
40 2
41 2
42 2

58 6
28 4
11 3
20 3
24 3
35 3
56 3
1 2
2 2
3 2
4 2
5 2
6 2
7 2
8 2
9 2
10 2
12 2
13 2
14 2
15 2
16 2
17 2
18 2
19 2
21 2
22 2
23 2
25 2
26 2
27 2
29 2
30 2
38 2
50 2
51 2
62 2
71 2
78 2
83 2
0 1
31 1
32 1
33 1
34 1
36 1
37 1
39 1
40 1
41 1
42 1
43 1
44 1
45 1
46 1
47 1
48 1
49 1
52 1
53 1
54 1
55 1
57 1
59 1
60 1
61 1
63 1
64 1
65 1
66 1
67 1
68 1
69 1
70 1
72 1
73 1

41 4
13 3
23 3
29 3
34 3
36 3
1 2
2 2
3 2
4 2
5 2
6 2
7 2
8 2
9 2
10 2
11 2
12 2
14 2
15 2
16 2
17 2
18 2
19 2
20 2

38 3
57 3
88 3
123 3
1 2
2 2
3 2
4 2
5 2
6 2
7 2
8 2
9 2
10 2
11 2
12 2
13 2
14 2
15 2
16 2
17 2
18 2
19 2
20 2
21 2
22 2
23 2
24 2
25 2
26 2
27 2
28 2
29 2
30 2
31 2
32 2
33 2
34 2
35 2
36 2
37 2
39 2
40 2
41 2
42 2
43 2
44 2
45 2
46 2
47 2
48 2
49 2
50 2
51 2
52 2
53 2
54 2
55 2
56 2
58 2
59 2
60 2
61 2
62 2
63 2
64 2
65 2
66 2
67 2
68 2
69 2
70 2
71 2
72 2
73 2
74 2

23 5
7 3
0 2
1 2
2 2
3 2
4 2
5 2
6 2
8 2
9 2
10 2
11 2
12 2
13 2
14 2

0 4
12 4
4 3
9 3
10 3
29 3
1 2
2 2
3 2
5 2
6 2
7 2
8 2
11 2
13 2
31 2
32 2
36 2
47 2
51 2
58 2
61 2
65 2
14 1
15 1
16 1

97 6
53 5
164 4
0 3
14 3
27 3
30 3
33 3
39 3
41 3
42 3
44 3
46 3
47 3
48 3
49 3
52 3
172 3
188 3
1 2
2 2
3 2
4 2
5 2
6 2
7 2
8 2
9 2
10 2
11 2
12 2
13 2
15 2
16 2
17 2
18 2
19 2
20 2
21 2
22 2
23 2
24 2
25 2
26 2
28 2
29 2
31 2
32 2
34 2
35 2
36 2
37 2
38 2
40 2
43 2
45 2
50 2
51 2
55 2
56 2
73 2
76 2
88 2
95 2
101 2
106 2
109 2
112 2
113 2
116 2
123 2
124 2
128 2
130 2
139 2
156 2
162 2
166 2
169 2
176 2
186 2
191 2
193 2
203 2
207 2
217 2
229 2
232 2
54 1
57 1
58 1
59 1
60 1
61 1
62 1
63 1
64 1
65 1
66 1
67 1
68 1
69 1
70 1
71 1
72 1
74 1
75 1
77 1
78 1
79 1
80 1
81 1
82 1
83 1
84 1
85 1
86 1
87 1
89 1
90 1
91 1
92 1
93 1
94 1
96 1
98 1
99 1
100 1
102 1
103 1
104 1
105 1
107 1
108 1
110 1
111 1
114 1
115 1
117 1
118 1
119 1
120 1
121 1
122 1
125 1
126 1
127 1
129 1
131 1
132 1
133 1
134 1
135 1
136 1
137 1
138 1
140 1
141 1
142 1
143 1
144 1
145 1
146 1
147 1
148 1
149 1
150 1
151 1
152 1
153 1
154 1
155 1
157 1
158 1
159 1
160 1
161 1
163 1
165 1
167 1
168 1
170 1
171 1
173 1
174 1
175 1
177 1
178 1
179 1
180 1
181 1
182 1
183 1
184 1
185 1
187 1
189 1
190 1
192 1
194 1
195 1
196 1
197 1
198 1
199 1
200 1

4 4
6 3
42 3
0 2
1 2
30 2
31 2
38 2
40 2
56 2
70 2
73 2
2 1
3 1
5 1
7 1
8 1
9 1
10 1
11 1
12 1
13 1
14 1
15 1
16 1
17 1
18 1
19 1
20 1
21 1
22 1
23 1
24 1
25 1
26 1
27 1
28 1
29 1
32 1
33 1
34 1
35 1
36 1
37 1
39 1
41 1
43 1
44 1
45 1
46 1
47 1
48 1
49 1
50 1
51 1
52 1
53 1
54 1
55 1
57 1
58 1
59 1
60 1
61 1
62 1
63 1
64 1
65 1
66 1
67 1
68 1
69 1
71 1
72 1
74 1
75 1
76 1
77 1
78 1
79 1
80 1
81 1

0 6
3 6
4 3
237 3
1 2
2 2
5 2
6 2
8 2
9 2
10 2
17 2
26 2
30 2
42 2
51 2
69 2
77 2
83 2
90 2
135 2
149 2
153 2
180 2
198 2
202 2
7 1
11 1
12 1
13 1
14 1
15 1
16 1
18 1
19 1
20 1
21 1
22 1
23 1
24 1
25 1
27 1
28 1
29 1
31 1
32 1
33 1
34 1
35 1
36 1
37 1
38 1
39 1
40 1
41 1
43 1
44 1
45 1
46 1
47 1
48 1
49 1
50 1
52 1
53 1
54 1
55 1
56 1
57 1
58 1
59 1
60 1
61 1
62 1
63 1
64 1
65 1
66 1
67 1
68 1
70 1
71 1
72 1
73 1
74 1
75 1
76 1
78 1
79 1
80 1
81 1
82 1
84 1
85 1
86 1
87 1
88 1
89 1
91 1
92 1
93 1
94 1
95 1
96 1
97 1
98 1
99 1
100 1
101 1
102 1
103 1
104 1
105 1
106 1
107 1
108 1
109 1
110 1
111 1
112 1
113 1
114 1
115 1
116 1
117 1
118 1
119 1
120 1
121 1
122 1
123 1
124 1
125 1
126 1
127 1
128 1
129 1
130 1
131 1
132 1
133 1
134 1
136 1
137 1
138 1
139 1
140 1
141 1
142 1
143 1
144 1
145 1
146 1
147 1
148 1
150 1
151 1
152 1
154 1
155 1
156 1
157 1
158 1
159 1
160 1
161 1
162 1
163 1
164 1
165 1
166 1
167 1
168 1
169 1
170 1
171 1
172 1
173 1
174 1
175 1
176 1
177 1
178 1
179 1
181 1

28 4
132 4
0 3
11 3
15 3
23 3
24 3
25 3
26 3
27 3
126 3
141 3
186 3
1 2
2 2
3 2
4 2
5 2
6 2
7 2
8 2
9 2
10 2
12 2
13 2
14 2
16 2
17 2
18 2
19 2
20 2
21 2
22 2
29 2
62 2
66 2
70 2
76 2
89 2
91 2
98 2
102 2
103 2
109 2
111 2
118 2
121 2
130 2
144 2
153 2
155 2
160 2
169 2
30 1
31 1
32 1
33 1
34 1
35 1
36 1
37 1
38 1
39 1
40 1
41 1
42 1
43 1
44 1
45 1
46 1
47 1
48 1
49 1
50 1
51 1
52 1
53 1
54 1
55 1
56 1
57 1
58 1
59 1
60 1
61 1
63 1
64 1
65 1
67 1
68 1
69 1
71 1
72 1
73 1
74 1
75 1
77 1
78 1
79 1
80 1
81 1
82 1
83 1
84 1
85 1
86 1
87 1
88 1
90 1
92 1
93 1
94 1
95 1
96 1
97 1
99 1
100 1
101 1
104 1
105 1
106 1
107 1
108 1
110 1
112 1
113 1
114 1
115 1
116 1
117 1
119 1
120 1
122 1
123 1
124 1
125 1
127 1
128 1
129 1
131 1
133 1
134 1
135 1
136 1
137 1
138 1
139 1
140 1
142 1
143 1
145 1
146 1
147 1
148 1
149 1
150 1
151 1
152 1
154 1
156 1
157 1
158 1
159 1
161 1
162 1
163 1
164 1
165 1
166 1
167 1
168 1
170 1
171 1
172 1
173 1
174 1
175 1
176 1
177 1
178 1
179 1
180 1
181 1
182 1
183 1
184 1
185 1
187 1
188 1
189 1
190 1
191 1
192 1
193 1
194 1
195 1
196 1
197 1
198 1
199 1
200 1

78 4
48 3
50 3
58 3
66 3
67 3
73 3
77 3
79 3

170 4
234 4
74 3
85 3
104 3
132 3
133 3
154 3
162 3
171 3
178 3
186 3
205 3
207 3
219 3
230 3
235 3
254 3
1 2
2 2
3 2
4 2
5 2
6 2
7 2
8 2
9 2
10 2
11 2
12 2
13 2
14 2
15 2
16 2
17 2
18 2
19 2
20 2
21 2
22 2
23 2
24 2
25 2
26 2
27 2
28 2
29 2
30 2
31 2
32 2
33 2
34 2
35 2
36 2
37 2
38 2
39 2
40 2
41 2
42 2
43 2
44 2
45 2
46 2
47 2
48 2
49 2
50 2
51 2
52 2
53 2
54 2
55 2
56 2
57 2
58 2
59 2
60 2
61 2
62 2
63 2
64 2
65 2
66 2
67 2
68 2
69 2
70 2
71 2
72 2
73 2
75 2
76 2
77 2
78 2
79 2
80 2
81 2
82 2
83 2
84 2
86 2
87 2
88 2
89 2
90 2
91 2
92 2
93 2
94 2
95 2
96 2
97 2
98 2
99 2
100 2
101 2
102 2
103 2
105 2
106 2
107 2
108 2
109 2
110 2
111 2
112 2
113 2
114 2
115 2
116 2
117 2
118 2
119 2
120 2
121 2
122 2
123 2
124 2
125 2
126 2
127 2
128 2
129 2
130 2
131 2
134 2
135 2
136 2
137 2
138 2
139 2
140 2
141 2
142 2
143 2
144 2
145 2
146 2
147 2
148 2
149 2
150 2
151 2
152 2
153 2
155 2
156 2
157 2
158 2
160 2
161 2
163 2
164 2
165 2
166 2
167 2
168 2
169 2
172 2
173 2
174 2
175 2
176 2
177 2
179 2
181 2
182 2
183 2
184 2
185 2
187 2
188 2
189 2
190 2
191 2
192 2
193 2
194 2
195 2
196 2
197 2
198 2
199 2
200 2
201 2
202 2
203 2
204 2
206 2
208 2
209 2
210 2
211 2
212 2
213 2
214 2
215 2
216 2
217 2
218 2
220 2
221 2
222 2
223 2
224 2
225 2
226 2
227 2
228 2
229 2

54 4
8 3
21 3
48 3
51 3
73 3
1 2
2 2
3 2
4 2
5 2
6 2
7 2
9 2
10 2
11 2
12 2
13 2
14 2

115 4
117 4
37 3
41 3
86 3
98 3
107 3

85 4
67 3
82 3
84 3
1 2
2 2
3 2
4 2
5 2
6 2
7 2
8 2
9 2
10 2
11 2
12 2
13 2

0 5
110 5
35 4
4 3
10 3
12 3
28 3
29 3
44 3
55 3
64 3
74 3
138 3
156 3
169 3
1 2
2 2
3 2
5 2
6 2
7 2
8 2
9 2
11 2
13 2
14 2
15 2
16 2
17 2
18 2
19 2
20 2
21 2
22 2
23 2
24 2
25 2
26 2
27 2
30 2
31 2
42 2
70 2
71 2
80 2
100 2
128 2
134 2
140 2
154 2
166 2
170 2
224 2
32 1
33 1
34 1
36 1
37 1
38 1
39 1
40 1
41 1
43 1
45 1
46 1
47 1
48 1
49 1
50 1
51 1
52 1
53 1
54 1
56 1
57 1
58 1
59 1
60 1
61 1
62 1
63 1
65 1
66 1
67 1
68 1
69 1
72 1
73 1
75 1
76 1
77 1
78 1
79 1
81 1
82 1
83 1
84 1
85 1
86 1
87 1
88 1
89 1
90 1
91 1
92 1
93 1
94 1
95 1
96 1
97 1
98 1
99 1
101 1
102 1
103 1
104 1
105 1
106 1
107 1
108 1
109 1
111 1
112 1
113 1
114 1
115 1
116 1
117 1
118 1
119 1
120 1
121 1
122 1
123 1
124 1
125 1
126 1
127 1
129 1
130 1
131 1
132 1
133 1
135 1
136 1
137 1
139 1
141 1
142 1

59 5
74 4
41 3
46 3
48 3
52 3
54 3
56 3
58 3
65 3
67 3
68 3
69 3
70 3
72 3
73 3
94 3
102 3
155 3
1 2
2 2
3 2
4 2
5 2
6 2
7 2
8 2
9 2
10 2
11 2
12 2
13 2
14 2
15 2
16 2
17 2
18 2
19 2
20 2
21 2
22 2
23 2
24 2
25 2
26 2
27 2
28 2
29 2
30 2
31 2
32 2
33 2
34 2
35 2
36 2
37 2
38 2
39 2
40 2
42 2
43 2
44 2
45 2
47 2
49 2
50 2
51 2
53 2
55 2
57 2
60 2
61 2
62 2
63 2
64 2
66 2
71 2
75 2
77 2
78 2
82 2
84 2
87 2
93 2
100 2
112 2
118 2
122 2
131 2
149 2
166 2
167 2
0 1
76 1
79 1
80 1
81 1
83 1
85 1
86 1
88 1
89 1
90 1
91 1
92 1
95 1
96 1
97 1
98 1
99 1
101 1
103 1
104 1
105 1
106 1
107 1
108 1
109 1
110 1
111 1
113 1
114 1
115 1
116 1
117 1

55 5
62 4
64 4
93 4
0 3
15 3
16 3
32 3
47 3
48 3
54 3
56 3
57 3
66 3
75 3
170 3
180 3
198 3
1 2
2 2
3 2
4 2
5 2
6 2
7 2
8 2
9 2
10 2
11 2
12 2
13 2
14 2
17 2
18 2
19 2
20 2
21 2
22 2
23 2
24 2
25 2
26 2
27 2
28 2
29 2
30 2
31 2
33 2
34 2
35 2
36 2
37 2
38 2
39 2
40 2
41 2
42 2
43 2
44 2

17 4
20 3
1 2
2 2
3 2
4 2
5 2
6 2
7 2
8 2
9 2
10 2
11 2
12 2
13 2
14 2
15 2
16 2
18 2
19 2
22 2
0 1
21 1
23 1
24 1
25 1
26 1

119 4
8 3
35 3
53 3
62 3
71 3
73 3
76 3
83 3
89 3
91 3
92 3
98 3
102 3
104 3
105 3
107 3
109 3
111 3
118 3
120 3
1 2
2 2
3 2
4 2
5 2

65 4
68 4
156 4
0 3
19 3
36 3
112 3
116 3
119 3
129 3
130 3
165 3
208 3
1 2
2 2
3 2
4 2
5 2
6 2
7 2
8 2
9 2
10 2
11 2
12 2
13 2
14 2
15 2
16 2
17 2
18 2
20 2
21 2
22 2
23 2
24 2
25 2
26 2
27 2
28 2
29 2
30 2
31 2
32 2
33 2
34 2
35 2
38 2
39 2
57 2
71 2
95 2
100 2
103 2
135 2
142 2
148 2
168 2
184 2
203 2
211 2
37 1
40 1
41 1
42 1
43 1
44 1
45 1
46 1
47 1
48 1
49 1
50 1
51 1
52 1
53 1
54 1
55 1
56 1
58 1
59 1
60 1
61 1
62 1
63 1
64 1
66 1
67 1
69 1
70 1
72 1
73 1
74 1
75 1
76 1
77 1
78 1
79 1
80 1
81 1
82 1
83 1
84 1
85 1
86 1
87 1
88 1
89 1
90 1
91 1
92 1
93 1
94 1
96 1
97 1
98 1
99 1
101 1
102 1
104 1
105 1
106 1
107 1
108 1
109 1
110 1
111 1
113 1
114 1
115 1
117 1
118 1
120 1
121 1
122 1
123 1
124 1
125 1
126 1
127 1
128 1
131 1
132 1
133 1
134 1
136 1
137 1
138 1
139 1
140 1
141 1
143 1
144 1
145 1
146 1
147 1
149 1
150 1
151 1
152 1
153 1
154 1
155 1
157 1
158 1
159 1

44 5
18 4
0 3
10 3
19 3
1 2
2 2
3 2
4 2
5 2
6 2
7 2
8 2
9 2
11 2
12 2
13 2
14 2
15 2
16 2
17 2
22 2
23 2
24 2
28 2
39 2
41 2
42 2

0 3
5 3
6 3
1 2
2 2

135 5
133 4
21 3
49 3
56 3
62 3
64 3
108 3
111 3
113 3
115 3
120 3
128 3
129 3
1 2
2 2
3 2
4 2
5 2
6 2
7 2
8 2
9 2
10 2
11 2
12 2
13 2
14 2
15 2
16 2
17 2
18 2
19 2
20 2
22 2
23 2
24 2
25 2
26 2
27 2
28 2
29 2
30 2
31 2
32 2
33 2
34 2
35 2
36 2
37 2
38 2

117 4
132 4
30 3
31 3
46 3
52 3
61 3
92 3
97 3
100 3
103 3
112 3
116 3
121 3
125 3
128 3
129 3
130 3
131 3
140 3
143 3
155 3
156 3
173 3
196 3
270 3
1 2
2 2
3 2
4 2
5 2
6 2
7 2
8 2
9 2
10 2
11 2
12 2
13 2
14 2
15 2
16 2
17 2
18 2
19 2
20 2
21 2
22 2
23 2
24 2
25 2
26 2
27 2
28 2
29 2
32 2
33 2
34 2
35 2
36 2
37 2
38 2
39 2
40 2
41 2
42 2
43 2
44 2
45 2
47 2
48 2
49 2
50 2
51 2
53 2
54 2
55 2
56 2
57 2
58 2
59 2
60 2
62 2
63 2
64 2
65 2
66 2
67 2
68 2
69 2
70 2
71 2
72 2
73 2
74 2
75 2
76 2
77 2
78 2
79 2
80 2
81 2
82 2
83 2
84 2
85 2
86 2
87 2
88 2
89 2
90 2
91 2
93 2
94 2
95 2
96 2
98 2
99 2
101 2
102 2
104 2
105 2
106 2
107 2
108 2
109 2
110 2
111 2
113 2
114 2
115 2
118 2
119 2
120 2
122 2
123 2
124 2
126 2
127 2
133 2
134 2
135 2
136 2
137 2
138 2
139 2
142 2
144 2
145 2
159 2
160 2

27 4
4 3
8 3
22 3
24 3
26 3
0 2
1 2
2 2
3 2
5 2
6 2
7 2
9 2
10 2

150 4
180 4
58 3
82 3
105 3
108 3
115 3
119 3
145 3
156 3
160 3
165 3
172 3
173 3
189 3
1 2
2 2
3 2
4 2
5 2
6 2
7 2
8 2
9 2
10 2
11 2
12 2
13 2
14 2
15 2
16 2
17 2
18 2
19 2
20 2
21 2

0 4
59 4
6 3
15 3
21 3
22 3
26 3
34 3
38 3
43 3
49 3
1 2
2 2
3 2
4 2
5 2
7 2
8 2
9 2
10 2
11 2
12 2
13 2
14 2
16 2
17 2
18 2
19 2
20 2
23 2
24 2
25 2
27 2
28 2
29 2
30 2
31 2
32 2
33 2
35 2
36 2
37 2
39 2
40 2
41 2
42 2
44 2
45 2
46 2
47 2
48 2
50 2
51 2
52 2
53 2
54 2
55 2
56 2
57 2
58 2
63 2
77 2
79 2
84 2
91 2
60 1
61 1

15 3
21 3
23 3
30 3
32 3
36 3
39 3
42 3
45 3
50 3
51 3
53 3
89 3
123 3
148 3
0 2
1 2
2 2
3 2
4 2
5 2
6 2
7 2
8 2
9 2
10 2
11 2
12 2
13 2
14 2
16 2
17 2
18 2
19 2
20 2
22 2
24 2
25 2
26 2
27 2
28 2
29 2
31 2
33 2
34 2
35 2
37 2
38 2
40 2
41 2
43 2
44 2
46 2
47 2
48 2
49 2
52 2
56 2
60 2
71 2
75 2
77 2
107 2
116 2
129 2
134 2
137 2
138 2
149 2
151 2
54 1
55 1
57 1
58 1
59 1
61 1
62 1
63 1
64 1
65 1
66 1
67 1
68 1
69 1
70 1
72 1
73 1
74 1
76 1
78 1
79 1
80 1
81 1
82 1
83 1
84 1
85 1
86 1
87 1
88 1
90 1
91 1
92 1
93 1
94 1
95 1
96 1
97 1
98 1
99 1
100 1
101 1
102 1
103 1
104 1

8 3
27 3
28 3
29 3
30 3
31 3
33 3
40 3
44 3
48 3
49 3
50 3
53 3
1 2
2 2
3 2
4 2
5 2
6 2
7 2
9 2
10 2
11 2
12 2
13 2
14 2
15 2
16 2
17 2
18 2
19 2

153 4
89 3
122 3
154 3
1 2
2 2
3 2
4 2
5 2
6 2
7 2
8 2
9 2
10 2
11 2
12 2
13 2
14 2
15 2
16 2
17 2
18 2
19 2
20 2
21 2
22 2
23 2
24 2
25 2
26 2
27 2
28 2
29 2
30 2
31 2
32 2
33 2
34 2
35 2
36 2
37 2
38 2
39 2
40 2
41 2
42 2
43 2
44 2
45 2
46 2
47 2
48 2
49 2
50 2
51 2
52 2
53 2
54 2
55 2

144 4
158 4
71 3
93 3
105 3
111 3
119 3
127 3
130 3
136 3
139 3
147 3
148 3
155 3
156 3
157 3
159 3
220 3
1 2
2 2
3 2
4 2
5 2
6 2
7 2
8 2
9 2
10 2
11 2
12 2
13 2
14 2
15 2
16 2
17 2
18 2
19 2
20 2
21 2
22 2
23 2
24 2
25 2
26 2
27 2
28 2
29 2
30 2
31 2
32 2
33 2
34 2
35 2
36 2
37 2
38 2
39 2
40 2
41 2
42 2
43 2
44 2
45 2
46 2
47 2
48 2
49 2
50 2
51 2
52 2
53 2
54 2
55 2
56 2
57 2
58 2
59 2
60 2
61 2
62 2
63 2
64 2
65 2
66 2
67 2
68 2
69 2
70 2
72 2
73 2
74 2
75 2
76 2
77 2
78 2
79 2
80 2
81 2
82 2
83 2
84 2
85 2
86 2
87 2
88 2
89 2
90 2
91 2
92 2
94 2
95 2
96 2
97 2
98 2
99 2
100 2
101 2
102 2
103 2
104 2
106 2
107 2
108 2
109 2
110 2
112 2
113 2
114 2
115 2
116 2
117 2
118 2
120 2
121 2
122 2
123 2
124 2
125 2
126 2
128 2
129 2
131 2
132 2
133 2
134 2
135 2
137 2
138 2
140 2
141 2
142 2
143 2
145 2
146 2
149 2
150 2
151 2
152 2
153 2
154 2
160 2
161 2
163 2
166 2
180 2
202 2
211 2
214 2
0 1
162 1
164 1
165 1
167 1
168 1
169 1
170 1
171 1
172 1
173 1
174 1
175 1
176 1
177 1
178 1

96 5
35 4
86 4
10 3
19 3
22 3
26 3
28 3
29 3
40 3
51 3
55 3
59 3
60 3
61 3
68 3
69 3
72 3
73 3
74 3
75 3
77 3
89 3
94 3
95 3
191 3
1 2
2 2
3 2
4 2
5 2
6 2
7 2
8 2
9 2
11 2
12 2
13 2
14 2
15 2
16 2
17 2
18 2
20 2
21 2
23 2
24 2
25 2
27 2
30 2
31 2
32 2
33 2
34 2
36 2
37 2
38 2
39 2
41 2
42 2
43 2
44 2
45 2
46 2
47 2
48 2
49 2
50 2
52 2
53 2
54 2
56 2
57 2
58 2
62 2
63 2
64 2
65 2
66 2
67 2
70 2
71 2
76 2
78 2
79 2
80 2
81 2
82 2
83 2
84 2
85 2
87 2
88 2
90 2

150 4
27 3
61 3
76 3
83 3
97 3
123 3

1 2
0 1
2 1
3 1

18 4
208 4
1 3
5 3
25 3
29 3
62 3
63 3
64 3
152 3
0 2
2 2
3 2
4 2
6 2
7 2
8 2
9 2
10 2
11 2
12 2
13 2
14 2
15 2
16 2
17 2
20 2
21 2
27 2
35 2
36 2
53 2
78 2
82 2
93 2
94 2
102 2
119 2
134 2
136 2
140 2
144 2
147 2
154 2
155 2
159 2
19 1
22 1
23 1
24 1
26 1
28 1
30 1
31 1
32 1
33 1
34 1
37 1
38 1
39 1
40 1
41 1
42 1
43 1
44 1
45 1
46 1
47 1
48 1
49 1
50 1
51 1
52 1
54 1
55 1
56 1
57 1
58 1
59 1
60 1
61 1
65 1
66 1
67 1
68 1
69 1
70 1
71 1
72 1
73 1
74 1
75 1
76 1
77 1
79 1
80 1
81 1
83 1
84 1
85 1
86 1
87 1
88 1
89 1
90 1
91 1
92 1
95 1
96 1
97 1
98 1
99 1
100 1
101 1
103 1
104 1
105 1
106 1
107 1
108 1
109 1
110 1
111 1
112 1
113 1
114 1
115 1
116 1
117 1
118 1
120 1
121 1
122 1
123 1
124 1
125 1
126 1
127 1
128 1
129 1
130 1
131 1
132 1
133 1
135 1
137 1
138 1
139 1
141 1
142 1
143 1
145 1
146 1
148 1
149 1
150 1
151 1
153 1
156 1
157 1
158 1
160 1
161 1
162 1
163 1
164 1
165 1
166 1
167 1
168 1
169 1
170 1
171 1
172 1
173 1
174 1
175 1
176 1
177 1
178 1
179 1
180 1
181 1
182 1
183 1
184 1
185 1
186 1
187 1
188 1
189 1
190 1
191 1
192 1
193 1
194 1
195 1

38 4
90 4
14 3
16 3
24 3
27 3
30 3
39 3
45 3
46 3
48 3
49 3
70 3
75 3
108 3
146 3
0 2
1 2
2 2
3 2
4 2
5 2
6 2
7 2
8 2
9 2
10 2
11 2
12 2
13 2
15 2
17 2
18 2
19 2
20 2
21 2
22 2
23 2
25 2
26 2
28 2
29 2
31 2
32 2
33 2
34 2
35 2
36 2
37 2
40 2
41 2
42 2
43 2
44 2
47 2
51 2
67 2
68 2
71 2
79 2
89 2
92 2
119 2
142 2
143 2
152 2
50 1
52 1
53 1
54 1
55 1
56 1
57 1
58 1
59 1
60 1
61 1
62 1
63 1
64 1
65 1
66 1
69 1
72 1
73 1
74 1
76 1
77 1
78 1
80 1
81 1
82 1
83 1
84 1
85 1
86 1
87 1
88 1
91 1
93 1
94 1
95 1
96 1
97 1
98 1
99 1
100 1

14 6
0 3
17 3
40 3
1 2
2 2
3 2
4 2
5 2
6 2
7 2
8 2
9 2
10 2
11 2
12 2
13 2
15 2
18 2
19 2
32 2
33 2
34 2
35 2
37 2
38 2

44 5
225 4
10 3
22 3
26 3
27 3
28 3
29 3
31 3
35 3
38 3
40 3
43 3
45 3
90 3
148 3
237 3
0 2
1 2
2 2
3 2
4 2
5 2
6 2
7 2
8 2
9 2
11 2
12 2
13 2
14 2
15 2
16 2
17 2
18 2
19 2
20 2
21 2
23 2
24 2
25 2
30 2
32 2
33 2
34 2
36 2
37 2
39 2
41 2
42 2
46 2
47 2
52 2
71 2
76 2
81 2
89 2
94 2
95 2
104 2
110 2
112 2
117 2
130 2
132 2
155 2
159 2
165 2
169 2
186 2
193 2
194 2
205 2
222 2
227 2
228 2
233 2
48 1
49 1
50 1
51 1
53 1
54 1
55 1
56 1
57 1
58 1
59 1
60 1
61 1
62 1
63 1
64 1
65 1
66 1
67 1
68 1
69 1
70 1

12 4
6 3
13 3
14 3
1 2
2 2
3 2
4 2
5 2
7 2
8 2
9 2
10 2
11 2
16 2
18 2
19 2

8 5
0 2
1 2
2 2
3 2
4 2
5 2
6 2
7 2
9 1
10 1
11 1
12 1
13 1
14 1
15 1

228 4
28 3
87 3
92 3
98 3
100 3
106 3
109 3
147 3
165 3
175 3
194 3
203 3
211 3
212 3
222 3
226 3
1 2
2 2
3 2
4 2
5 2
6 2
7 2
8 2
9 2
10 2
11 2
12 2
13 2
14 2
15 2
16 2
17 2
18 2
19 2
20 2
21 2
22 2
23 2
24 2
25 2
26 2
27 2
29 2
30 2
31 2
32 2
33 2
34 2
35 2
36 2
37 2
38 2
39 2
40 2
41 2
42 2
43 2
44 2
45 2
46 2
47 2
48 2
49 2
50 2
51 2
52 2
53 2
54 2
55 2
56 2
57 2
58 2
59 2
60 2
61 2
62 2
63 2
64 2
65 2
66 2
67 2
68 2
69 2
70 2
71 2
72 2
73 2
74 2
75 2
76 2
77 2
78 2
79 2
80 2
81 2
82 2
83 2
84 2
85 2
86 2
88 2
89 2
90 2
91 2
93 2
95 2
96 2
97 2
99 2
101 2
102 2
103 2
104 2
105 2
107 2

150 5
43 4
61 4
121 4
214 4
0 3
20 3
39 3
40 3
41 3
47 3
55 3
56 3
59 3
60 3
100 3
141 3
194 3
203 3
209 3
1 2
2 2
3 2
4 2
5 2
6 2
7 2
8 2
9 2
10 2
11 2
12 2
13 2
14 2
15 2
16 2
17 2
18 2
19 2
21 2
22 2
23 2
24 2
25 2
26 2
27 2
28 2
29 2
30 2
31 2
32 2
33 2
34 2
35 2
36 2
37 2
38 2
42 2
44 2
45 2
46 2
48 2
49 2
50 2
51 2
52 2
53 2
54 2
57 2
58 2
62 2
63 2
64 2
68 2
69 2
76 2
78 2
110 2
116 2
117 2
131 2
134 2
146 2
148 2
158 2
175 2
181 2
184 2
186 2
187 2
188 2
192 2
211 2
212 2
65 1
66 1
67 1
70 1
71 1
72 1
73 1
74 1
75 1
77 1
79 1
80 1
81 1
82 1
83 1
84 1
85 1
86 1
87 1
88 1
89 1
90 1
91 1
92 1
93 1
94 1
95 1
96 1
97 1
98 1
99 1
101 1
102 1
103 1
104 1
105 1
106 1
107 1
108 1
109 1
111 1
112 1
113 1
114 1
115 1
118 1
119 1
120 1
122 1
123 1
124 1
125 1
126 1
127 1
128 1
129 1
130 1
132 1
133 1
135 1
136 1
137 1
138 1
139 1
140 1

9 4
8 3
0 2
1 2

11 5
32 4
10 3
12 3
15 3
29 3
1 2
2 2
3 2
4 2
5 2
6 2
7 2
8 2
9 2
13 2
16 2
19 2
24 2
51 2
55 2
67 2
0 1
14 1
17 1
18 1
20 1
21 1
22 1
23 1
25 1
26 1
27 1
28 1
30 1
31 1
33 1
34 1
35 1
36 1
37 1
38 1
39 1
40 1
41 1
42 1
43 1
44 1
45 1
46 1

6 4
1 3
0 2
3 2
4 2
5 2
2 1
7 1
8 1
9 1
10 1

57 5
160 5
35 4
70 4
72 4
80 4
25 3
40 3
47 3
58 3
61 3
62 3
66 3
67 3
71 3
75 3

142 4
143 4
187 4
18 3
43 3
53 3
58 3
66 3
87 3
93 3
97 3
98 3
100 3
110 3
112 3
113 3
116 3
118 3
181 3
203 3
1 2
2 2
3 2
4 2
5 2
6 2
7 2
8 2
9 2
10 2
11 2
12 2
13 2
14 2
15 2
16 2
17 2
19 2
20 2
21 2
22 2
23 2
24 2
25 2
26 2
27 2
28 2
29 2
30 2
31 2
32 2
33 2
34 2
35 2
36 2
37 2
38 2
39 2
40 2
41 2
42 2
44 2
45 2
46 2
47 2
48 2
49 2
50 2
51 2
52 2
54 2
55 2
56 2
57 2
59 2
60 2
61 2
62 2
63 2
64 2
65 2
67 2
68 2
69 2
70 2
71 2
72 2
73 2
74 2
75 2
76 2
77 2
78 2
79 2
80 2
81 2
82 2
83 2
84 2
85 2
86 2
88 2
89 2
90 2
92 2
94 2
95 2
96 2
99 2
101 2
102 2
103 2
104 2
105 2
106 2
107 2
108 2
109 2
111 2
114 2
115 2
117 2
119 2
120 2
121 2
122 2
123 2
124 2
125 2
126 2
127 2
128 2
129 2
130 2
131 2
132 2
133 2
134 2
135 2
136 2
137 2
138 2
139 2
140 2
141 2
144 2
145 2
154 2
163 2
164 2
167 2
183 2
188 2
0 1
91 1
146 1
147 1
148 1
149 1
150 1
151 1
152 1
153 1
155 1
156 1
157 1
158 1
159 1
160 1
161 1
162 1

14 5
13 4
11 3
16 3
0 2
1 2
2 2
3 2
4 2
5 2
6 2
7 2
8 2
9 2
10 2
12 2
17 2
18 2
19 2
22 2
15 1
20 1
21 1
23 1
24 1
25 1
26 1
27 1
28 1
29 1
30 1
31 1
32 1
33 1
34 1
35 1
36 1
37 1
38 1
39 1
40 1
41 1
42 1
43 1
44 1

0 2
1 1
2 1

5 5
0 3
1 2
2 2

25 4
19 3
26 3
30 3
43 3
44 3
45 3
47 3
70 3
1 2
2 2
3 2
4 2
5 2
6 2
7 2
8 2
9 2
10 2
11 2
12 2
13 2
14 2
15 2
16 2
17 2
18 2
20 2
21 2
22 2
23 2
24 2
27 2
28 2
29 2
31 2
32 2
33 2
34 2
35 2
36 2
37 2
38 2
39 2
40 2
41 2
42 2
46 2
62 2
71 2
0 1
48 1
49 1
50 1
51 1
52 1
53 1
54 1
55 1
56 1
57 1
58 1
59 1
60 1
61 1
63 1
64 1
65 1
66 1
67 1
68 1
69 1
72 1
73 1
74 1
75 1
76 1
77 1
78 1
79 1
80 1
81 1
82 1
83 1

84 6
38 3
56 3
67 3
72 3
74 3
75 3
79 3
80 3
82 3
104 3
1 2
2 2
3 2
4 2
5 2
6 2
7 2
8 2
9 2
10 2
11 2
12 2
13 2
14 2
15 2
16 2
17 2
18 2
19 2
20 2
21 2
22 2
23 2
24 2
25 2
26 2
27 2
28 2
29 2
30 2
31 2
32 2
33 2
34 2
35 2
36 2
37 2
39 2
40 2
41 2
42 2
43 2
44 2
45 2
46 2
47 2
48 2
49 2
50 2
51 2
52 2
53 2
54 2
55 2
57 2
58 2
59 2
60 2
61 2
62 2
63 2
64 2
65 2
66 2
68 2
69 2
70 2
71 2
73 2
76 2
77 2
78 2
81 2
83 2
87 2
88 2
106 2
110 2
0 1
85 1
86 1
89 1
90 1
91 1
92 1
93 1
94 1
95 1
96 1
97 1
98 1
99 1
100 1
101 1
102 1
103 1
105 1
107 1
108 1
109 1
111 1
112 1
113 1
114 1

1 3
2 3
3 3
76 3
0 2
5 2
10 2
12 2
19 2
23 2
54 2
64 2
86 2
4 1
6 1
7 1
8 1
9 1
11 1
13 1
14 1
15 1
16 1
17 1
18 1
20 1
21 1
22 1
24 1
25 1

126 5
61 4
158 4
2 3
11 3
13 3
64 3
106 3
1 2
3 2
4 2
5 2
6 2
7 2
8 2
9 2
10 2
12 2
14 2
15 2
16 2
17 2
24 2
26 2

86 4
93 4
103 4
35 3
60 3
89 3
101 3
1 2
2 2
3 2
4 2
5 2
6 2
7 2
8 2
9 2
10 2
11 2
12 2
13 2
14 2
15 2
16 2
17 2
18 2
19 2
20 2
21 2
22 2
23 2
24 2
25 2
26 2
27 2
28 2
29 2
30 2
31 2
32 2
33 2
34 2
36 2
37 2
38 2
39 2
40 2
41 2
42 2
43 2
44 2
45 2
46 2
47 2
48 2
49 2
50 2
51 2
52 2
53 2
54 2
55 2
56 2

76 7
66 4
26 3
37 3
61 3
63 3
75 3
1 2
2 2
3 2
4 2
5 2
6 2
7 2
8 2
9 2
10 2
11 2
12 2
13 2
14 2
15 2
16 2
17 2
18 2
19 2
20 2
21 2
22 2
23 2
24 2
25 2
27 2
28 2
29 2
30 2
31 2
32 2
33 2
34 2
35 2
36 2
38 2
39 2
40 2
41 2
42 2
43 2
44 2
45 2

193 7
61 6
36 5
209 4
231 4
0 3
21 3
32 3
35 3
37 3
38 3
39 3
41 3
46 3
48 3
52 3
56 3
57 3
60 3
72 3
78 3
155 3
202 3
1 2
2 2
3 2
4 2
5 2
6 2
7 2
8 2
9 2
10 2
11 2
12 2
13 2
14 2
15 2
16 2
17 2
18 2
19 2
20 2
22 2
23 2
24 2
25 2
26 2
27 2
28 2
29 2
30 2
31 2
33 2
34 2
40 2
42 2
43 2
44 2
45 2
47 2
49 2
50 2
51 2
53 2
54 2
55 2
58 2
59 2
62 2
64 2
66 2
70 2
77 2
113 2
123 2
133 2
159 2
173 2
197 2
215 2
218 2
220 2
223 2
236 2
243 2

16 6
15 5
8 3
9 3
14 3
20 3
24 3
1 2
2 2
3 2
4 2
5 2
6 2
7 2
10 2
11 2
12 2
13 2
17 2
22 2
32 2
45 2
48 2
50 2
53 2
62 2

130 4
60 3
82 3
89 3
114 3
121 3
148 3
154 3
167 3
174 3
177 3
200 3
207 3
209 3
210 3
1 2
2 2
3 2
4 2
5 2
6 2
7 2
8 2
9 2
10 2
11 2
12 2
13 2
14 2
15 2
16 2
17 2
18 2
19 2
20 2
21 2
22 2
23 2
24 2

171 4
206 4
207 4
67 3
68 3
72 3
88 3
111 3
113 3
115 3
134 3
145 3
161 3
162 3
181 3
189 3
192 3
199 3
202 3
0 2
1 2
2 2
3 2
4 2
5 2
6 2
7 2
8 2
9 2
10 2
11 2
12 2
13 2
14 2
15 2
16 2
17 2
18 2
19 2
20 2
21 2
22 2
23 2
24 2
25 2
26 2
27 2
28 2
29 2
30 2
31 2
32 2
33 2
34 2
35 2
36 2
38 2
39 2
40 2
41 2
42 2
43 2
44 2
45 2
46 2
47 2
48 2
49 2
50 2
51 2
52 2
53 2
54 2
55 2
56 2
57 2
58 2
59 2
60 2
61 2
62 2
63 2
65 2
66 2
69 2
70 2
71 2
73 2
74 2
75 2
76 2
77 2
78 2
79 2
80 2
81 2
82 2
83 2
84 2
85 2
86 2
87 2
89 2
90 2
91 2
92 2
93 2
94 2
95 2
96 2
97 2
98 2
99 2
100 2
101 2
102 2
103 2
104 2
105 2
107 2
108 2
109 2
110 2
112 2
114 2
116 2
117 2
118 2
119 2
120 2
121 2
122 2
123 2
124 2
125 2
126 2
127 2
128 2
129 2
130 2
131 2
132 2
133 2
135 2
136 2
137 2
138 2
139 2
140 2
141 2
142 2
143 2
144 2
146 2
147 2
148 2
149 2
150 2
151 2
152 2
153 2
154 2
155 2
157 2
158 2
159 2
160 2
163 2
164 2
165 2
166 2
167 2

146 5
64 4
123 4
135 4
147 4
9 3
14 3
46 3
57 3
79 3
80 3
81 3
100 3
114 3
118 3
124 3
126 3
128 3
129 3
136 3
137 3
140 3
141 3
144 3
162 3
187 3
204 3
241 3
250 3
1 2
2 2
3 2
4 2
5 2
6 2
7 2
8 2
10 2
11 2
12 2
13 2
15 2
16 2
17 2
18 2
19 2
20 2
21 2
22 2
23 2
24 2
25 2
26 2
27 2
28 2
29 2
30 2
31 2
32 2
33 2
34 2
35 2
36 2
37 2
38 2
39 2
40 2
41 2
42 2
43 2
44 2
45 2
47 2
48 2
49 2
50 2
51 2
52 2

143 5
103 4
126 4
142 4
42 3
45 3
47 3
83 3
84 3
109 3
117 3
118 3
119 3
120 3
122 3
124 3
127 3
129 3
132 3
135 3
137 3
236 3
1 2
2 2
3 2
4 2
5 2
6 2
7 2
8 2
9 2
10 2
11 2
12 2
13 2
14 2
15 2
16 2
17 2
18 2
19 2
20 2
21 2
22 2
23 2
24 2
25 2
26 2
27 2
28 2
29 2
30 2
31 2
32 2
33 2
34 2
35 2
36 2
37 2
38 2
39 2
40 2
41 2
43 2
44 2
46 2
48 2
49 2
50 2
51 2
52 2
53 2
54 2
55 2
56 2
57 2
58 2
59 2
60 2
61 2
62 2
63 2
64 2
65 2
66 2
67 2
68 2
69 2
70 2
71 2
72 2
73 2
74 2
75 2
76 2
77 2
78 2
79 2
80 2
81 2
82 2
85 2
87 2
88 2
89 2
90 2
91 2
92 2
93 2
94 2
95 2
96 2
97 2
98 2
99 2
100 2
101 2
102 2
104 2
105 2
106 2
108 2
110 2
111 2
112 2
113 2
114 2
115 2
116 2
121 2
123 2
125 2
128 2
130 2
131 2
133 2
134 2
136 2
139 2
140 2
141 2
147 2
149 2
156 2
159 2
167 2
170 2
171 2
180 2
185 2
189 2
198 2
224 2
227 2
235 2
238 2
243 2
244 2
245 2
0 1
86 1
107 1
138 1
144 1
145 1
146 1
148 1
150 1
151 1
152 1
153 1
154 1
155 1
157 1
158 1
160 1
161 1
162 1
163 1
164 1
165 1
166 1
168 1
169 1
172 1
173 1
174 1
175 1
176 1
177 1
178 1
179 1
181 1
182 1
183 1
184 1
186 1
187 1
188 1
190 1
191 1
192 1
193 1
194 1
195 1
196 1
197 1
199 1
200 1
201 1
202 1
203 1
204 1
205 1
206 1
207 1
208 1
209 1
210 1

34 5
94 4
5 3
21 3
22 3
24 3
29 3
38 3
101 3
146 3
166 3

0 8
1 1
2 1
3 1
4 1
5 1
6 1
7 1
8 1
9 1
10 1
11 1
12 1
13 1
14 1
15 1
16 1
17 1
18 1
19 1
20 1
21 1
22 1
23 1
24 1
25 1
26 1
27 1
28 1
29 1
30 1
31 1
32 1
33 1
34 1
35 1
36 1
37 1
38 1
39 1
40 1
41 1
42 1
43 1
44 1
45 1
46 1
47 1
48 1
49 1
50 1
51 1
52 1
53 1
54 1
55 1
56 1
57 1
58 1
59 1
60 1
61 1
62 1
63 1
64 1
65 1
66 1
67 1
68 1
69 1
70 1
71 1
72 1
73 1
74 1
75 1
76 1
77 1
78 1
79 1
80 1
81 1
82 1
83 1
84 1
85 1
86 1
87 1
88 1
89 1
90 1
91 1
92 1
93 1
94 1
95 1
96 1
97 1
98 1
99 1
100 1
101 1
102 1
103 1
104 1
105 1
106 1
107 1
108 1
109 1
110 1
111 1
112 1
113 1
114 1
115 1
116 1
117 1
118 1
119 1
120 1
121 1
122 1
123 1
124 1
125 1
126 1
127 1
128 1
129 1
130 1
131 1
132 1
133 1
134 1
135 1
136 1
137 1
138 1
139 1
140 1
141 1
142 1
143 1
144 1
145 1
146 1
147 1
148 1
149 1
150 1
151 1
152 1
153 1
154 1
155 1
156 1
157 1
158 1
159 1
160 1
161 1
162 1
163 1
164 1
165 1
166 1
167 1

0 6
100 4
135 4
6 3
8 3
14 3
15 3
16 3
97 3
99 3
129 3
1 2
2 2
3 2
4 2
5 2
7 2
10 2
11 2

0 4
32 4
77 4
98 4
121 4
132 4
232 4
16 3
21 3
24 3
30 3
46 3
54 3
58 3
65 3
72 3
74 3
75 3
78 3
80 3
82 3
85 3
88 3
91 3
94 3
104 3
108 3
109 3
111 3
113 3
117 3
123 3
183 3
269 3
272 3
1 2
2 2
3 2
4 2
5 2
6 2
7 2
8 2
9 2
10 2
11 2
12 2
13 2
14 2
15 2
17 2
18 2
19 2
20 2
23 2
25 2
26 2
27 2
28 2
29 2
31 2
33 2
34 2
35 2
36 2
37 2
38 2
39 2
40 2
41 2
42 2
43 2
44 2
45 2
47 2
48 2
49 2
50 2
51 2
52 2
53 2
55 2
56 2
57 2
59 2
60 2
61 2
62 2
63 2
64 2
66 2
67 2
68 2
69 2
70 2
71 2
73 2
76 2
79 2
81 2
83 2
84 2
86 2
87 2
89 2
90 2
92 2
93 2
95 2
96 2
97 2
99 2
100 2
101 2
102 2
103 2
105 2
106 2
107 2
110 2
112 2
114 2
115 2
116 2
118 2
119 2
120 2
122 2
125 2
127 2
128 2
131 2
147 2
150 2
160 2
181 2
190 2
203 2
219 2
221 2
226 2
227 2
231 2
236 2
245 2
254 2
256 2
258 2
283 2
284 2
287 2
22 1
124 1
126 1
129 1
130 1
133 1
134 1
135 1
136 1
137 1
138 1
139 1
140 1
141 1
142 1
143 1
144 1
145 1
146 1
148 1
149 1
151 1
152 1
153 1
154 1
155 1
156 1
157 1
158 1
159 1
161 1
162 1
163 1
164 1
165 1
166 1
167 1
168 1
169 1
170 1
171 1
172 1
173 1
174 1
175 1
176 1
177 1
178 1
179 1
180 1
182 1
184 1
185 1
186 1
187 1
188 1
189 1
191 1
192 1
193 1
194 1
195 1
196 1
197 1
198 1
199 1
200 1
201 1
202 1
204 1
205 1
206 1
207 1

10 3
13 3
26 3
27 3
84 3
0 2
1 2
2 2
3 2
4 2
5 2
6 2
7 2
8 2
9 2
11 2
12 2
14 2
15 2
19 2
20 2
24 2
34 2
40 2
53 2
57 2
77 2
85 2
16 1
17 1
18 1
21 1
22 1
23 1
25 1
28 1
29 1
30 1
31 1
32 1
33 1
35 1
36 1
37 1
38 1
39 1
41 1
42 1
43 1
44 1
45 1
46 1
47 1
48 1
49 1
50 1
51 1
52 1
54 1

121 6
94 5
109 4
270 4
0 3
30 3
39 3
59 3
63 3
79 3
85 3
91 3
96 3
97 3
103 3
106 3
111 3
114 3
116 3
117 3
119 3
120 3
122 3
125 3
174 3
196 3

73 6
2 3
46 3
50 3
55 3
57 3
66 3
69 3
70 3
71 3
72 3
0 2
1 2
3 2
4 2
5 2
6 2
7 2
8 2
9 2
10 2
11 2
12 2
13 2
14 2
15 2
16 2
17 2
18 2
19 2
20 2
21 2
22 2
23 2
24 2
25 2
26 2
27 2
28 2
29 2
30 2
31 2
32 2
33 2
34 2
35 2
36 2
37 2
38 2
39 2
40 2
41 2
42 2
43 2
44 2
45 2
47 2
48 2
49 2
51 2
52 2
53 2
54 2
56 2
58 2

3 3
4 3
6 3
14 3
0 2
1 2
2 2
5 2
7 2
9 2
16 2
8 1

74 5
68 4
75 4
106 4
7 3
14 3
45 3
47 3
51 3
55 3
64 3
71 3
73 3
131 3
141 3
0 2
1 2
2 2
3 2
4 2
5 2
6 2
8 2
9 2
10 2

40 5
12 4

64 6
22 3
26 3
38 3
41 3
42 3
44 3
47 3
49 3
55 3
57 3
59 3
60 3
78 3
88 3
105 3
121 3
134 3
1 2
2 2
3 2
4 2
5 2
6 2
7 2
8 2
9 2
10 2
11 2
12 2
13 2
14 2
15 2
16 2
17 2
18 2
19 2
20 2
21 2
23 2
24 2
25 2
27 2
28 2
29 2
30 2
31 2
32 2
33 2
34 2
35 2
36 2
37 2
39 2
40 2
43 2
45 2
46 2
48 2
50 2
51 2
52 2
53 2
54 2
56 2
58 2
61 2
62 2
63 2
65 2
66 2
67 2
77 2
94 2
95 2
106 2
109 2
122 2
124 2
128 2
130 2
132 2
136 2
140 2
142 2
144 2
153 2
161 2
176 2
184 2
185 2
0 1
68 1
69 1
70 1
71 1
72 1
73 1
74 1
75 1
76 1
79 1
80 1
81 1
82 1
83 1
84 1
85 1
86 1
87 1
89 1
90 1
91 1
92 1
93 1
96 1
97 1
98 1
99 1
100 1
101 1
102 1
103 1
104 1
107 1
108 1
110 1
111 1
112 1
113 1
114 1
115 1
116 1
117 1
118 1
119 1
120 1
123 1
125 1
126 1
127 1
129 1
131 1
133 1
135 1
137 1
138 1
139 1
141 1
143 1
145 1
146 1
147 1
148 1
149 1
150 1
151 1
152 1
154 1
155 1
156 1
157 1
158 1
159 1
160 1
162 1
163 1
164 1
165 1
166 1
167 1
168 1
169 1
170 1
171 1
172 1
173 1
174 1
175 1
177 1
178 1
179 1
180 1
181 1
182 1

157 4
30 3
66 3
105 3
114 3
120 3
121 3
123 3
127 3
132 3
133 3
134 3
137 3
143 3
146 3
148 3
156 3
158 3
1 2
2 2
3 2
4 2
5 2
6 2
7 2
8 2
9 2
10 2
11 2
12 2
13 2
14 2
15 2
16 2
17 2
18 2
19 2
20 2
21 2
22 2
23 2
24 2
25 2
26 2
27 2
28 2
29 2
31 2
32 2
33 2
34 2
35 2

14 4
7 3
10 3
11 3
12 3
13 3
51 3
1 2
2 2
3 2
4 2
5 2
6 2
8 2
9 2
15 2
16 2
21 2
27 2
36 2
62 2
68 2
87 2
0 1
17 1
18 1
19 1
20 1
22 1
23 1
24 1
25 1
26 1
28 1
29 1
30 1
31 1
32 1
33 1
34 1
35 1
37 1
38 1
39 1
40 1
41 1
42 1
43 1
44 1
45 1
46 1
47 1
48 1
49 1
50 1
52 1
53 1
54 1
55 1
56 1
57 1
58 1
59 1
60 1
61 1
63 1
64 1
65 1
66 1
67 1
69 1
70 1
71 1
72 1
73 1
74 1
75 1
76 1
77 1
78 1
79 1
80 1

197 4
198 4
62 3
83 3
88 3
93 3
113 3
118 3
137 3
138 3
139 3
140 3
146 3
154 3
157 3
172 3
191 3
194 3
1 2
2 2
3 2
4 2
5 2
6 2
7 2
8 2
9 2
10 2
11 2
12 2
13 2
14 2
15 2
16 2
17 2
18 2
19 2
20 2
21 2
22 2
23 2
24 2
25 2
26 2
27 2
28 2
29 2
30 2
31 2
32 2
33 2
34 2
35 2
36 2
37 2
38 2
39 2
40 2
41 2
42 2
43 2
44 2
45 2
46 2
47 2
48 2
49 2
50 2
51 2
52 2
53 2
54 2
55 2
56 2
57 2
58 2
59 2
60 2
61 2
63 2
64 2
65 2
66 2
67 2
68 2
69 2
70 2
71 2
72 2
73 2
74 2
75 2
76 2
77 2
78 2
79 2
80 2
81 2
82 2
84 2
85 2
87 2
89 2
90 2
91 2
92 2
94 2
95 2
96 2
97 2
98 2
99 2
101 2
102 2
103 2
104 2
105 2
106 2
107 2
108 2
109 2
110 2
111 2
112 2
114 2
115 2
116 2
117 2
119 2
120 2

31 4
13 3
14 3
17 3
21 3
29 3
33 3
0 2
1 2
2 2
3 2
4 2
5 2
6 2
7 2
8 2
9 2
10 2
11 2
12 2
15 2
16 2
18 2
19 2

14 5
0 3
5 3
6 3
7 3
9 3
11 3
12 3
1 2
2 2
3 2
4 2
8 2
10 2
13 2
15 2
17 2
26 2
57 2
63 2
68 2
77 2
83 2
92 2
94 2
111 2
113 2
115 2
120 2
129 2
131 2
132 2
16 1
18 1
19 1
20 1
21 1
22 1
23 1
24 1
25 1
27 1
28 1
29 1
30 1
31 1
32 1
33 1
34 1
35 1
36 1
37 1
38 1
39 1
40 1
41 1
42 1
43 1
44 1
45 1
46 1
47 1
48 1
49 1
50 1
51 1
52 1
53 1
54 1
55 1
56 1
58 1
59 1
60 1
61 1
62 1
64 1
65 1
66 1
67 1
69 1
70 1
71 1
72 1
73 1
74 1
75 1
76 1

28 4
27 3
1 2
2 2
3 2
4 2
5 2
6 2
7 2
8 2
9 2
10 2
11 2
12 2
13 2
14 2
15 2
16 2
17 2
18 2
19 2
20 2
21 2
22 2
23 2
24 2

0 4
105 4
3 3
5 3
8 3
100 3
1 2
2 2
4 2
6 2
7 2
27 2
28 2
29 2
36 2
62 2
79 2
81 2
107 2
117 2
119 2
134 2
156 2
160 2
175 2
180 2
195 2
197 2
200 2
9 1
10 1
11 1
12 1
13 1
14 1
15 1
16 1
17 1
18 1
19 1
20 1
21 1
22 1
23 1
24 1
25 1
26 1
30 1
31 1
32 1
33 1
34 1
35 1
37 1
38 1
39 1
40 1
41 1
42 1
43 1
44 1
45 1
46 1
47 1
48 1
49 1
50 1
51 1
52 1
53 1

208 5
210 4
61 3
66 3
112 3
136 3
146 3
157 3
179 3
185 3
191 3
192 3
198 3
1 2
2 2
3 2
4 2
5 2
6 2
7 2
8 2

199 5
193 4
194 4
196 4
55 3
60 3
99 3
100 3
112 3
113 3
118 3
136 3
142 3
143 3
147 3
168 3
176 3
178 3
180 3
185 3
188 3
195 3
1 2
2 2
3 2
4 2
5 2
6 2
7 2
8 2
9 2
10 2
11 2
12 2
13 2
14 2
15 2
16 2
17 2
18 2
19 2
20 2
21 2
22 2
23 2
24 2
25 2
26 2
27 2
28 2
29 2
30 2
31 2
32 2
33 2
34 2
35 2
36 2
37 2
38 2
39 2
40 2
41 2
42 2
43 2
44 2
45 2
46 2
47 2
48 2
49 2
50 2
51 2
52 2
53 2
54 2
56 2
57 2
58 2
59 2
61 2
62 2
63 2
64 2
65 2
66 2
67 2
68 2
69 2
70 2
71 2
72 2
73 2
74 2
75 2
76 2
77 2
78 2
79 2
80 2
81 2
82 2
83 2
84 2
85 2

0 4

0 4
43 4
1 3
16 3
17 3
18 3
56 3
2 2
3 2
4 2
5 2
6 2
7 2
29 2
51 2
53 2
60 2
62 2
63 2
67 2
71 2
74 2
8 1
9 1
10 1
11 1
12 1
13 1
14 1
15 1
19 1
20 1
21 1
22 1
23 1
24 1
25 1
26 1
27 1

53 4
69 4
117 4
160 4
173 4
21 3
33 3
44 3
46 3
50 3
54 3
59 3
61 3
65 3
66 3
68 3
103 3
121 3
132 3
176 3
178 3
1 2
2 2
3 2
4 2
5 2
6 2
7 2
8 2
9 2
10 2
11 2
12 2
13 2
14 2
15 2
16 2
17 2
18 2
19 2
20 2
22 2
23 2
24 2
25 2
26 2
27 2
28 2
29 2
30 2
31 2
32 2
34 2
35 2
36 2
37 2
38 2
39 2
40 2
41 2
42 2
43 2
45 2
47 2
48 2
49 2
51 2
52 2
55 2
56 2
57 2
58 2
60 2
62 2
63 2
64 2
67 2
70 2
71 2
73 2
98 2
100 2
111 2
112 2
118 2
167 2
168 2
174 2
183 2
223 2
0 1
72 1
74 1
75 1
76 1
77 1
78 1
79 1
80 1
81 1
82 1
83 1
84 1
85 1
86 1
87 1
88 1
89 1
90 1
91 1
92 1
93 1
94 1
95 1
96 1
97 1
99 1
101 1
102 1
104 1
105 1
106 1
107 1
108 1
109 1
110 1
113 1
114 1
115 1
116 1
119 1
120 1
122 1
123 1
124 1
125 1
126 1
127 1
128 1
129 1
130 1
131 1
133 1
134 1
135 1
136 1
137 1
138 1
139 1
140 1
141 1
142 1
143 1
144 1
145 1
146 1
147 1
148 1
149 1
150 1
151 1
152 1
153 1
154 1
155 1
156 1
157 1
158 1
159 1
161 1
162 1
163 1
164 1
165 1
166 1
169 1
170 1
171 1
172 1
175 1
177 1
179 1
180 1
181 1
182 1
184 1
185 1
186 1
187 1
188 1
189 1
190 1
191 1
192 1
193 1
194 1
195 1
196 1
197 1
198 1
199 1
200 1
201 1
202 1
203 1
204 1
205 1
206 1
207 1
208 1
209 1
210 1
211 1
212 1
213 1
214 1
215 1
216 1
217 1
218 1
219 1
220 1
221 1
222 1
224 1
225 1

86 5
36 4
93 4
14 3
25 3
39 3
59 3
61 3
63 3
66 3
77 3
78 3
79 3
83 3
85 3
87 3
89 3
108 3
142 3
146 3
165 3
201 3
204 3
1 2
2 2
3 2
4 2
5 2
6 2
7 2
8 2
9 2
10 2
11 2
12 2
13 2
15 2
16 2
17 2
18 2
19 2
20 2
21 2
22 2
23 2
24 2
26 2
27 2
28 2
29 2
30 2
31 2
32 2
33 2
34 2
35 2
37 2
38 2
40 2
41 2
42 2
43 2
44 2
45 2
46 2
47 2
48 2
49 2
50 2
51 2
52 2
53 2
54 2
55 2
56 2
57 2
58 2
60 2
62 2
64 2
65 2
67 2
68 2
70 2
71 2
72 2
73 2
74 2
75 2
76 2
80 2
81 2
82 2
84 2
90 2
106 2
114 2
117 2
127 2
128 2
141 2
143 2
153 2
174 2
179 2
181 2
183 2
185 2
203 2
207 2
214 2
216 2
0 1
69 1
88 1
91 1
92 1
94 1
95 1
96 1
97 1
98 1
99 1
100 1
101 1
102 1
103 1
104 1
105 1
107 1
109 1
110 1
111 1

25 3
33 3
34 3
47 3
59 3
62 3
77 3
89 3
93 3
96 3
97 3
98 3
104 3
105 3
107 3
123 3
0 2
1 2
2 2
3 2
4 2
5 2
6 2
7 2
8 2
9 2
10 2
11 2
12 2
13 2
14 2
15 2
16 2
17 2
18 2
19 2
20 2
21 2
22 2
23 2
24 2
26 2
27 2
28 2
29 2
30 2
31 2
32 2
35 2
36 2
37 2
38 2
39 2
40 2
41 2
42 2
43 2
44 2
45 2
46 2
48 2
49 2
50 2
51 2
52 2
53 2
54 2
55 2
56 2
57 2
58 2
60 2
61 2
63 2
64 2
65 2
66 2
67 2
68 2
69 2
70 2
71 2
72 2
73 2
74 2
75 2
76 2
78 2
79 2
80 2
81 2
82 2
83 2
84 2
85 2
86 2
87 2
88 2
90 2
91 2
92 2
94 2
95 2
99 2
100 2
101 2
102 2
103 2
106 2
120 2
144 2
155 2
161 2
168 2
169 2
108 1
109 1
110 1
111 1
112 1
113 1
114 1
115 1
116 1
117 1
118 1
119 1
121 1
122 1
124 1
125 1
126 1
127 1
128 1
129 1
130 1
131 1
132 1
133 1
134 1
135 1
136 1
137 1
138 1
139 1
140 1
141 1
142 1
143 1
145 1
146 1

31 4
13 3
15 3
28 3
30 3
32 3
40 3
139 3
0 2
1 2
2 2
3 2
4 2
5 2
6 2
7 2
8 2
9 2
10 2
11 2
12 2
14 2
16 2
17 2
18 2
19 2

94 3
1 2
2 2
3 2
4 2
5 2
6 2
7 2
8 2
9 2
10 2
11 2
12 2
13 2
14 2
15 2

0 2

52 3
84 3
110 3
116 3
121 3
127 3
128 3

45 5
16 3
43 3
46 3
1 2
2 2
3 2
4 2
5 2
6 2
7 2
8 2
9 2
10 2
11 2
12 2
13 2
14 2
15 2
17 2
18 2
19 2
20 2
21 2
22 2
23 2
24 2
25 2

20 4
4 3

